1773352233778 0.021089999999999998 30
1773353391082 0.020793 31
1773354542330 0.020495999999999997 32
1773355685897 0.020198999999999995 33
1773356833524 0.019901999999999996 34
1773357971971 0.019604999999999997 35
1773359116134 0.019308000000000002 36
1773360250200 0.019011 37
1773361493401 0.018714 38
1773362648730 0.018417 39
1773363809729 0.018119999999999997 40
1773364973033 0.017823000000000002 41
1773366134939 0.017526 42
1773367298793 0.017229 43
1773368461440 0.016932 44
1773369626075 0.016635 45
1773370785200 0.016338000000000002 46
1773372060148 0.016041 47
1773373228089 0.015744 48
1773374396942 0.015447 49
1773375562535 0.01515 50
