1773352233778 0.00703 30
1773353391082 0.006931 31
1773354542330 0.0068319999999999995 32
1773355685897 0.006732999999999999 33
1773356833524 0.006633999999999999 34
1773357971971 0.006535 35
1773359116134 0.006436000000000001 36
1773360250200 0.006337000000000001 37
1773361493401 0.0062380000000000005 38
1773362648730 0.006139 39
1773363809729 0.00604 40
1773364973033 0.005941000000000001 41
1773366134939 0.005842000000000001 42
1773367298793 0.005743000000000001 43
1773368461440 0.005644000000000001 44
1773369626075 0.0055450000000000004 45
1773370785200 0.005446000000000001 46
1773372060148 0.005347000000000001 47
1773373228089 0.005248000000000001 48
1773374396942 0.005149 49
1773375562535 0.00505 50
1773377109965 0.004951 51
1773378258128 0.0048519999999999995 52
1773379409522 0.004753 53
