1773352269243 0.95171 30
1773353425126 0.955 31
1773354576329 0.94776 32
1773355719699 0.94561 33
1773356867512 0.95267 34
1773358006117 0.95841 35
1773359149747 0.95417 36
1773360284497 0.95788 37
1773361527430 0.95491 38
1773362683142 0.95675 39
1773363843517 0.95498 40
1773365007454 0.95471 41
1773366169000 0.95696 42
1773367332787 0.95643 43
1773368495530 0.95252 44
1773369660101 0.95534 45
1773370819420 0.95224 46
1773372094225 0.95426 47
1773373262283 0.95261 48
1773374431323 0.95611 49
1773375596423 0.95437 50
1773377144271 0.95369 51
1773378291858 0.95364 52
1773379443758 0.95146 53
