1773352269243 0.70714 30
1773353425126 0.69984 31
1773354576329 0.70632 32
1773355719699 0.69506 33
1773356867512 0.69972 34
1773358006117 0.70372 35
1773359149747 0.70027 36
1773360284497 0.70493 37
1773361527430 0.69034 38
1773362683142 0.6939 39
1773363843517 0.68872 40
1773365007454 0.68919 41
1773366169000 0.69085 42
1773367332787 0.69049 43
1773368495530 0.68904 44
1773369660101 0.69501 45
1773370819420 0.70428 46
1773372094225 0.69009 47
1773373262283 0.69402 48
1773374431323 0.69602 49
1773375596423 0.69419 50
