1773352269243 0.94388 30
1773353425126 0.94587 31
1773354576329 0.94363 32
1773355719699 0.93901 33
1773356867512 0.94315 34
1773358006117 0.94771 35
1773359149747 0.94521 36
1773360284497 0.95134 37
1773361527430 0.94417 38
1773362683142 0.94708 39
1773363843517 0.9454 40
1773365007454 0.94486 41
1773366169000 0.94617 42
1773367332787 0.94494 43
1773368495530 0.94446 44
1773369660101 0.94419 45
1773370819420 0.94257 46
1773372094225 0.9464 47
1773373262283 0.94297 48
1773374431323 0.94443 49
1773375596423 0.94405 50
