1773352269243 0.79919 30
1773353425126 0.79648 31
1773354576329 0.79537 32
1773355719699 0.78842 33
1773356867512 0.79307 34
1773358006117 0.79927 35
1773359149747 0.79157 36
1773360284497 0.79884 37
1773361527430 0.7905 38
1773362683142 0.79794 39
1773363843517 0.79336 40
1773365007454 0.79277 41
1773366169000 0.79559 42
1773367332787 0.7904 43
1773368495530 0.79107 44
1773369660101 0.79612 45
1773370819420 0.79949 46
1773372094225 0.79075 47
1773373262283 0.79373 48
1773374431323 0.799 49
1773375596423 0.79447 50
1773377144271 0.7971 51
1773378291858 0.7986 52
1773379443758 0.78523 53
