1773352269243 0.97765 30
1773353425126 0.9754 31
1773354576329 0.98604 32
1773355719699 0.98208 33
1773356867512 0.98421 34
1773358006117 0.98534 35
1773359149747 0.98715 36
1773360284497 0.97728 37
1773361527430 0.98308 38
1773362683142 0.98911 39
1773363843517 0.97584 40
1773365007454 0.98049 41
1773366169000 0.98302 42
1773367332787 0.97685 43
1773368495530 0.97853 44
1773369660101 0.97867 45
1773370819420 0.98332 46
1773372094225 0.976 47
1773373262283 0.98273 48
1773374431323 0.97672 49
1773375596423 0.989 50
1773377144271 0.9777 51
1773378291858 0.98212 52
1773379443758 0.9806 53
