1773352269243 0.97375 30
1773353425126 0.97055 31
1773354576329 0.98209 32
1773355719699 0.97942 33
1773356867512 0.98576 34
1773358006117 0.98135 35
1773359149747 0.98223 36
1773360284497 0.97245 37
1773361527430 0.97527 38
1773362683142 0.98317 39
1773363843517 0.97178 40
1773365007454 0.97366 41
1773366169000 0.97714 42
1773367332787 0.97107 43
1773368495530 0.97264 44
1773369660101 0.97285 45
1773370819420 0.97744 46
1773372094225 0.97118 47
1773373262283 0.97779 48
1773374431323 0.97187 49
1773375596423 0.98404 50
