1773352269243 0.92692 30
1773353425126 0.92969 31
1773354576329 0.92507 32
1773355719699 0.92044 33
1773356867512 0.92283 34
1773358006117 0.93251 35
1773359149747 0.92419 36
1773360284497 0.93617 37
1773361527430 0.93154 38
1773362683142 0.92416 39
1773363843517 0.93402 40
1773365007454 0.92985 41
1773366169000 0.92784 42
1773367332787 0.9368 43
1773368495530 0.93154 44
1773369660101 0.93372 45
1773370819420 0.92724 46
1773372094225 0.93617 47
1773373262283 0.92137 48
1773374431323 0.93142 49
1773375596423 0.91952 50
1773377144271 0.93154 51
1773378291858 0.92599 52
1773379443758 0.92599 53
