1773352233778 0.4902 30
1773353391082 0.48255 31
1773354542330 0.48388 32
1773355685897 0.47854 33
1773356833524 0.48183 34
1773357971971 0.47423 35
1773359116134 0.46797 36
1773360250200 0.46636 37
1773361493401 0.45899 38
1773362648730 0.44414 39
1773363809729 0.44556 40
1773364973033 0.43778 41
1773366134939 0.44046 42
1773367298793 0.43717 43
1773368461440 0.42964 44
1773369626075 0.43049 45
1773370785200 0.44982 46
1773372060148 0.41948 47
1773373228089 0.40971 48
1773374396942 0.40622 49
1773375562535 0.40269 50
1773377109965 0.38568 51
1773378258128 0.3744 52
1773379409522 0.37274 53
