1773352233778 0.40751 30
1773353391082 0.40736 31
1773354542330 0.40124 32
1773355685897 0.39496 33
1773356833524 0.39755 34
1773357971971 0.39063 35
1773359116134 0.37964 36
1773360250200 0.38924 37
1773361493401 0.36624 38
1773362648730 0.36276 39
1773363809729 0.35659 40
1773364973033 0.34768 41
1773366134939 0.35125 42
1773367298793 0.34334 43
1773368461440 0.33796 44
1773369626075 0.34633 45
1773370785200 0.35696 46
1773372060148 0.3328 47
1773373228089 0.32166 48
1773374396942 0.31775 49
1773375562535 0.30563 50
1773377109965 0.28622 51
1773378258128 0.2841 52
1773379409522 0.27933 53
