1773352233778 1.07844 30
1773353391082 1.07378 31
1773354542330 1.07751 32
1773355685897 1.07285 33
1773356833524 1.06928 34
1773357971971 1.07169 35
1773359116134 1.06593 36
1773360250200 1.0591 37
1773361493401 1.05518 38
1773362648730 1.04667 39
1773363809729 1.04957 40
1773364973033 1.04434 41
1773366134939 1.04055 42
1773367298793 1.04434 43
1773368461440 1.03815 44
1773369626075 1.03483 45
1773370785200 1.05191 46
1773372060148 1.02589 47
1773373228089 1.02313 48
1773374396942 1.02097 49
1773375562535 1.01787 50
