1773352233778 1.54205 30
1773353391082 1.46743 31
1773354542330 1.48053 32
1773355685897 1.48321 33
1773356833524 1.43542 34
1773357971971 1.45045 35
1773359116134 1.43679 36
1773360250200 1.45047 37
1773361493401 1.40666 38
1773362648730 1.33027 39
1773363809729 1.33271 40
1773364973033 1.32701 41
1773366134939 1.27336 42
1773367298793 1.28234 43
1773368461440 1.26553 44
1773369626075 1.30424 45
1773370785200 1.3283 46
1773372060148 1.23526 47
1773373228089 1.16566 48
1773374396942 1.16737 49
1773375562535 1.15127 50
