1773352233778 0.0 30
1773353391082 0.0 31
1773354542330 0.0 32
1773355685897 0.0 33
1773356833524 0.0 34
1773357971971 0.0 35
1773359116134 0.0 36
1773360250200 0.0 37
1773361493401 0.0 38
1773362648730 0.0 39
1773363809729 0.0 40
1773364973033 0.0 41
1773366134939 0.0 42
1773367298793 0.0 43
1773368461440 0.0 44
1773369626075 0.0 45
1773370785200 0.0 46
1773372060148 0.0 47
1773373228089 0.0 48
1773374396942 0.0 49
1773375562535 0.0 50
1773377109965 0.0 51
1773378258128 0.0 52
1773379409522 0.0 53
